-0.867479
0.541902
2.284924
2.353083
-2.364318
-0.380432
1.364094
0.287071
0.402123
-1.816609
1.200861
-1.349299
-0.301946
-0.744427
0.154559
0.307841
0.118363
-0.487863
1.213097
0.696883
-0.813792
0.561187
-0.284060
0.353878
1.450744
-0.242323
-1.263018
0.846685
-0.413217
-0.166507
-0.998418
-0.152080
-0.657319
0.407569
-0.254156
0.621204
-0.257272
0.653806
2.153292
1.004879
0.183969
0.202402
0.674480
-1.257633
-0.865856
0.075325
-0.385428
-0.145685
-0.950898
0.605668
0.849477
0.899651
0.495335
1.156401
-1.177661
0.111208
-0.854664
0.537056
-0.497744
-1.311895
-2.400330
1.887652
-0.790447
-1.027629
0.143240
0.959981
0.696383
-1.259052
-0.886412
-1.941151
0.409932
-7.157008
2.705179
2.217600
-0.067024
1.673306
-0.485595
0.439222
-0.560751
1.041666
-0.917753
-2.060983
1.947427
-0.054805
-0.848954
-1.752108
-1.866887
1.481291
0.554966
1.347864
-0.554264
-1.169054
-0.297917
-1.517829
0.655673
-0.594632
0.275738
-0.669649
1.259377
0.564621
1.163474
0.252786
1.886145
0.310334
-0.007592
-1.414120
0.463257
0.692901
-1.241409
0.158965
0.501774
0.244280
0.263240
0.035513
0.718700
-0.112910
0.109035
0.031110
0.512095
0.832973
1.489160
1.926887
-0.076118
0.077029
0.412151
-0.388896
-0.072331
0.668210
-0.031311
-0.172367
-0.436811
-0.105844
0.314963
-0.508111
-0.091019
-0.012618
1.113166
-0.925876
-0.763674
-0.907653
-0.205008
-0.243106
0.123913
0.512089
0.096672
0.066474
0.964117
-0.139415
0.233241
0.165788
-0.217223
0.180617
0.258079
0.305423
0.112702
0.204647
-0.204583
0.480304
0.324413
0.246648
-0.184919
-0.166792
0.111382
-0.416036
-2.055159
1.141923
0.186469
0.244955
-0.969555
-0.603677
0.429765
-0.925246
0.758675
0.306202
0.283085
-0.538455
-1.998201
-1.544695
0.661452
-0.095756
-2.388932
0.882819
0.879761
0.463484
1.192982
0.314108
0.043676
0.938849
-0.362505
-0.228950
-0.614918
-0.734565
-0.386307
-0.178849
-1.279780
-0.910522
2.323600
-0.163602
-1.389559
-1.300377
1.513140
1.078327
-0.319039
0.101390
-0.905368
0.170775
0.621955
-0.380156
0.733556
0.409517
1.106529
0.429751
1.267991
-0.627582
-0.712076
-1.119468
-0.409926
-0.016248
0.940914
-0.628624
0.863589
-0.183709
-0.878540
-0.594362
-0.200688
0.002651
0.708483
0.017379
-1.106195
-0.087884
0.244137
-0.114176
0.817895
-0.005071
0.009890
-0.766887
0.842692
-0.020072
-0.589351
-0.727728
-1.745945
0.202140
0.707890
-0.525977
-2.236159
0.321706
1.117172
0.248461
-1.014680
1.905086
-0.983990
2.006161
0.205533
-1.288092
-0.723646
-0.222116
-0.498268
0.584795
0.212786
-0.447039
0.502614
1.255482
0.790357
0.315941
-1.075915
0.302935
0.828127
-0.154226
0.674762
0.238865
0.724186
-0.307201
-1.494536
0.374222
-0.537466
0.523124
-0.649121
0.553090
0.320929
0.264504
-0.872580
-0.224828
-1.048598
0.369926
0.349927
-0.813649
0.006282
0.261195
0.017398
0.837796
0.735595
-0.579133
0.268797
-0.335129
0.921996
-0.654930
-0.498321
-0.447915
-2.079084
-0.050179
-0.894516
0.296566
-1.397612
0.487322
-0.215283
-1.370340
-1.656203
0.674706
0.187630
0.327379
-0.116759
-1.145857
1.689453
-0.120279
0.938013
0.402618
-0.688218
0.391876
1.069473
0.632733
-0.653327
0.711862
1.620501
-0.779283
-0.117581
0.429589
-0.657402
1.199133
-0.098294
0.072895
0.606773
-0.364770
0.483283
-0.553325
0.224407
1.371052
0.008887
-0.295039
0.235971
-0.394032
0.987929
-0.213418
1.027845
0.019143
-0.349508
-0.451973
0.371073
-0.212520
-0.339909
-0.344318
-0.864900
0.334920
1.129696
-0.209019
-0.009631
0.399419
-0.100088
-1.135573
-0.422395
0.756682
0.146671
-1.081644
-0.027696
0.902563
-0.078639
0.599529
-0.364574
0.486059
-0.850192
0.353319
2.368865
-1.734356
0.410889
-0.679238
-1.739296
-0.883295
-0.492823
0.496459
0.688333
0.472791
0.121644
0.806777
-0.680363
-0.322537
-0.056885
-0.432910
-0.430547
-0.745059
-1.255030
-1.278680
0.288354
0.814432
0.248058
1.671773
1.027878
0.048594
-0.053193
-0.027752
-0.180488
0.476977
-0.554297
-0.644266
-0.463682
-0.317957
-1.303428
0.035588
-1.470073
0.957121
-0.348636
0.304693
0.856405
0.699199
0.038526
-0.835387
-0.907755
-1.803276
-0.106894
0.429511
0.074245
-0.892943
-1.166713
0.148593
-0.046489
-5.184703
0.684679
-1.174185
-5.997339
2.176424
1.016947
-2.064895
-1.727524
-0.758554
1.529328
1.115845
0.358606
1.869448
1.856140
1.534635
-0.538768
0.203230
1.803589
-1.544818
0.434865
-0.588017
2.294166
0.966774
-1.005749
0.426170
0.897506
-1.420974
-0.919592
1.438289
1.225791
0.232372
0.752277
-0.795612
-0.126612
-0.115220
-0.019741
-0.371626
-0.522451
2.065737
-1.132346
0.531964
0.574672
0.616728
-0.554631
1.543276
0.299743
-0.724148
0.330516
0.744595
-0.621123
-0.411166
0.270453
0.488459
0.212938
-0.060903
-0.895970
0.314546
-0.343629
-0.236223
0.823356
0.216512
0.687091
-0.443446
-0.086631
-1.328723
-0.270027
-0.832943
-0.098931
1.028273
0.087931
0.648258
0.997446
0.499882
0.911762
0.294621
-0.176186
0.852679
-0.973435
0.536109
0.361024
-0.795846
-0.371877
-0.147514
0.265937
-0.386816
-0.096781
0.635390
-1.160512
-0.217531
0.384343
0.687264
0.004780
0.261264
0.354111
0.324180
-0.700379
1.034963
-0.680194
0.670909
-0.478885
-0.924023
-0.389550
1.230024
0.854496
0.117934
-0.323306
0.299469
-0.177245
-0.305705
0.011323
-1.162966
-0.139391
-0.503990
0.008344
0.404984
-0.811512
0.091723
0.236129
0.401164
0.496378
1.513559
-0.456701
-0.248188
-0.541009
-0.460680
0.036623
-1.523086
1.524645
0.165239
0.186312
-1.034203
-0.117758
-0.337670
-1.409983
0.877310
0.069948
-0.935626
-0.381784
-0.258202
0.596872
-0.031378
-0.956533
0.408322
-0.305964
-0.479354
0.401981
0.597498
0.463553
0.160937
-0.071286
0.222225
-0.419279
-1.033951
0.151534
-0.952251
-0.208235
0.307483
0.056886
0.082519
-0.808455
-0.768789
0.473158
-0.105372
-0.272292
-1.037390
0.372139
2.240733
0.640216
0.640110
-0.651928
-0.625822
0.413812
-0.622853
0.458074
-0.217416
0.052563
-0.126255
0.158315
-0.524426
0.078375
-1.029914
0.057100
-0.211955
-0.149428
-0.697741
-0.057298
-0.500049
-0.719043
0.144767
0.357342
-1.197090
-1.025885
-0.724292
-0.406022
-1.848852
1.172066
0.053491
0.444899
-0.668916
-1.052288
0.882058
0.261452
0.609332
0.890994
-1.186938
-1.310205
0.115924
-0.449600
-1.142297
-1.389864
1.029644
-1.675319
-0.969754
-2.854359
1.007014
-2.066014
1.735280
1.838455
0.049273
-0.376572
-0.895142
-1.761389
-0.971663
2.490128
0.966985
1.110367
-0.062927
0.211921
-0.509433
1.173269
0.257295
0.559293
1.016585
-0.518647
1.100790
-0.407270
-0.334421
-0.612568
-0.839556
-0.334644
-0.394754
0.360232
0.425801
-1.932790
0.693512
-0.979367
1.048166
-0.360556
1.407364
-0.298510
-0.464904
-0.220853
1.138458
-1.390654
-1.093725
-0.712473
-1.092785
-0.559226
-1.736900
-0.068063
0.780150
-1.575246
0.470901
0.431710
-0.340465
-2.068733
0.200090
-1.371947
-0.630170
1.131278
1.333248
1.247846
0.059929
-0.125841
0.820945
-0.841440
0.496335
1.049299
-0.377685
-0.501614
0.880104
-0.950146
-0.338858
1.395399
-1.190314
1.707984
-0.107824
1.104597
-1.409523
-1.228575
-1.484569
0.192612
-0.478263
-0.450731
1.722021
-0.195202
-0.421968
0.688474
0.610836
0.558752
0.187911
-1.076160
-0.489236
1.553439
0.691179
0.862684
-0.450989
-1.802660
0.395125
-0.574976
-0.149002
-1.353529
-0.703811
0.633769
-0.633457
-0.836153
1.430401
-0.047366
0.055480
0.768301
0.791438
-0.047194
-0.335672
-1.298532
0.579973
0.808598
1.157221
0.730722
-0.098982
-0.067014
-0.307304
-0.059075
0.265316
0.224673
-0.011077
-0.807585
-0.260106
0.105706
-0.199889
-1.045175
-0.087779
0.058305
-2.476781
-0.474473
0.507844
-0.349670
-0.654271
0.198087
-1.196655
-1.305392
0.722046
-0.707265
-0.468236
0.266694
-2.029084
-0.731623
1.049255
-0.060827
0.864968
-1.902392
-0.126108
1.384243
-2.495781
0.997796
-1.321936
0.127137
0.541735
-0.235701
-1.674617
-0.154567
-1.460877
-0.209945
-0.908912
-0.243156
-0.661570
2.260126
-0.626081
4.086749
0.411091
0.873783
0.119360
-0.503055
-0.306359
1.515911
-0.179850
0.228950
-0.572081
-0.223125
0.101811
1.100714
0.901293
1.853504
-0.076395
-1.069808
-0.494973
0.115700
-0.152232
1.086406
0.461930
-1.172713
1.011715
0.863282
-0.129484
-1.149450
1.469107
-0.047308
-0.252300
-1.048635
0.254266
-0.469210
0.242212
-0.727212
-0.005928
0.681796
0.237338
-0.410705
-0.532209
-0.309342
-0.114107
-0.619351
0.232450
0.830220
1.226802
-0.088362
-0.619203
1.003865
0.271253
-0.190103
0.961398
-0.538311
0.155987
0.427034
0.372883
0.174457
0.511146
0.496737
0.092575
0.080497
0.786371
-0.800684
0.489165
-0.658740
0.116236
-0.985483
-0.167396
-1.443870
0.814664
-0.807585
0.382207
-0.269789
0.518790
-0.694219
0.151373
0.296539
-0.249219
0.546073
-0.030995
1.190626
0.267484
0.528178
-0.340094
-0.138206
0.191077
-0.914001
0.744845
0.159167
0.293204
0.822872
-0.431733
-0.670090
1.137851
0.718603
-0.432728
0.261433
-0.222171
0.194977
0.400393
-0.003979
-0.104875
0.572919
-0.313444
-0.050508
0.563651
0.222851
0.068743
0.049462
0.367388
-0.241808
-0.330493
0.383034
0.678864
0.193148
0.314010
0.411189
-0.212552
0.515615
-0.551641
0.451492
0.134236
-0.690791
-0.907302
-0.107359
-0.172201
0.178304
0.886348
0.097114
-0.095407
-0.921616
-0.522743
0.995276
-1.332870
-0.207330
-0.242114
0.191230
-0.476408
1.444015
0.052317
0.616136
0.059335
0.807156
0.305455
0.311957
0.589281
0.283327
-0.023931
0.348814
-0.068190
-0.263762
0.532352
-0.229987
-1.189122
-0.328990
-0.456747
-0.057454
0.725406
0.332304
-0.116553
-0.540253
0.362654
-0.917607
0.043442
0.248518
-0.685153
-1.179287
-0.046367
0.451899
-0.597607
-1.061148
-0.149571
0.106242
0.102267
-0.700018
-0.019693
0.793652
0.014444
-0.202523
0.018300
-0.622843
0.590873
0.852486
0.410082
-0.027491
-0.257355
-0.287996
-0.284735
-0.764390
0.823053
1.308223
-1.189240
0.500214
-0.260889
0.303625
0.814955
-0.020096
0.315178
0.536540
0.515439
0.138099
0.104768
-0.524987
1.027140
-0.603539
-0.230028
0.057003
0.023838
-0.325912
0.476337
-0.112139
-0.568839
0.495124
0.269503
-0.038685
0.648315
0.212517
-0.819403
-1.230397
-0.613000
0.224668
0.098318
-0.383491
0.039205
-0.216956
0.339691
0.519360
0.009221
0.483617
0.864577
0.252469
-0.420923
0.299983
0.646698
0.026436
-0.302766
-0.223519
-0.401979
0.048641
0.386053
0.485672
0.591192
0.262558
-0.006377
-0.009963
0.557702
0.292237
0.025354
-0.493914
-0.120588
-0.385044
0.257924
-0.042158
0.754600
-0.308318
0.149611
-1.111237
-0.450945
-0.139225
0.345429
0.982028
-0.572819
0.243079
-0.052829
0.940562
-0.264908
0.523029
0.063608
0.207687
-0.256605
-0.486470
-0.141072
-0.570219
-0.084761
0.511009
0.582508
-0.475793
-0.133973
0.655961
-0.249651
-0.144241
-0.102010
-1.546762
-0.038592
-0.740535
0.337943
0.511597
-0.291947
-0.224494
-1.449264
0.001169
0.722501
-0.312232
-0.374292
-0.665541
0.801341
0.587602
-0.426938
0.514744
0.115462
-0.203430
0.986181
0.635156
0.180494
0.303379
-0.116010
0.614893
-0.298081
0.000087
0.514845
-0.031527
-0.588381
0.052704
0.280266
-0.402935
0.560093
0.737771
0.536189
0.794503
-0.498995
0.356896
-0.740691
-0.097178
-0.190553
-0.069611
0.406986
0.092448
-0.121134
0.064865
0.552299
0.252452
0.064068
-0.168297
-0.202678
-0.004209
-1.093918
0.089223
0.164883
0.020067
-1.002684
0.691447
-0.817017
-0.375685
-0.038502
0.121529
0.319082
0.044684
1.120016
0.252889
0.334151
-0.369963
-0.353729
-0.285776
-0.703933
-0.391665
0.342366
-0.881443
-0.264986
-0.328334
0.477814
-0.271982
0.302857
0.294984
0.908357
0.123219
-0.355154
0.223216
1.019764
-0.250030
-0.052101
0.636143
0.409246
-0.384193
-0.021442
0.331035
-0.024868
0.049551
0.103549
0.403307
0.458732
0.175976
-0.028329
0.205658
-0.118536
0.008414
0.295246
-0.258437
-0.379283
-0.128775
0.135692
0.937810
0.216911
-0.223921
1.090721
0.027398
0.096284
0.014182
-0.511483
0.575827
0.373779
0.190050
-0.495392
0.307974
-0.335498
0.187142
-0.594470
0.122277
0.128615
-0.898224
0.746392
1.121286
0.943294
0.038920
0.321196
0.227462
1.034646
0.300492
0.113449
-0.718850
0.395986
0.318783
0.465495
-0.066439
0.538655
-0.379529
0.278209
0.074419
-0.225823
-1.309467
0.976191
0.459640
0.591371
0.216497
0.435565
0.110122
-0.917810
1.226792
-0.148912
0.226462
-0.657349
-0.962072
-0.374740
0.354486
0.216715
0.500901
0.464694
0.863604
0.361571
0.059360
0.569110
0.542016
-0.276379
0.564473
-0.194397
0.355530
-0.152055
0.192941
-0.554555
-0.339362
0.851768
0.231255
-0.076868
-0.094828
-0.011095
-0.220573
0.446232
-0.438427
-0.328704
-0.552184
0.202786
0.001061
0.229254
1.301551
-0.177525
0.270564
0.570908
0.377057
0.114747
0.255180
0.744210
-0.343781
-0.300715
-0.128590
-0.011622
-0.556715
-0.231970
0.156054
0.322803
-0.128775
0.017724
-0.481147
-1.071511
-0.528305
0.846135
1.144654
0.193119
0.195609
0.360992
0.432129
0.447651
0.100476
-0.043665
-0.722762
-0.229332
0.720178
-0.257332
0.512806
-0.398041
0.526338
0.509464
-0.904491
-1.801588
-1.003097
-1.209944
-0.282100
0.470508
0.728203
-0.543305
0.201654
-0.360568
0.148576
1.028522
-0.997999
0.189471
-0.283168
-1.573550
-2.146580
-1.781343
1.802683
0.132334
-0.440110
0.603978
-0.354101
-0.388504
-0.407899
-1.024697
0.767787
-0.822400
-1.216377
0.260618
0.733384
0.488919
-0.272056
0.257358
0.596577
-0.454699
-1.321415
-0.410851
0.857617
1.596856
-0.123415
0.982190
0.868753
-0.245302
0.058148
0.668951
0.430058
-0.604689
0.956448
0.930785
0.343887
0.120313
0.125965
0.350479
-0.163385
0.288548
0.244130
0.376719
0.470496
1.283838
-0.177685
-0.235032
-0.700274
-0.222061
-0.664430
-0.400298
0.855951
-0.190759
0.348199
-0.201991
0.269958
0.506873
-0.594157
-1.088565
-0.145231
0.912995
-0.078215
0.399097
0.466166
-0.135093
0.127912
-0.610548
0.637590
1.084401
0.571516
0.285362
0.035126
0.231169
-0.553929
0.458694
-0.290044
0.127583
-0.515047
0.026843
0.094230
0.863121
0.223955
0.251160
1.045269
0.184833
-0.210872
0.535570
-0.487433
-0.574627
0.507332
0.862655
-0.338067
-0.984522
-0.681395
0.669193
-1.436406
1.043760
0.133281
1.243072
-0.697076
-0.549087
0.105395
0.896964
-0.486416
-0.229774
0.096677
0.479430
0.436469
-0.231026
0.860755
-0.029612
0.709109
-0.719669
0.226894
0.032392
1.340104
0.268463
-0.074910
1.082227
-0.690359
-0.019124
-0.080067
-2.571057
-2.633330
-0.082026
0.731381
-1.017326
0.988500
-0.986531
-0.690221
0.481660
0.865301
-2.161161
-0.057423
-0.593610
-0.257485
0.905559
1.349913
-0.350666
-1.392729
1.972465
0.303697
-0.481335
1.394552
0.166673
-0.239442
1.062093
-0.710042
0.399157
0.626827
0.799969
-0.115317
0.373938
0.228869
1.038609
-0.362732
-0.796916
-0.224242
0.828733
-0.098597
0.433071
-0.694039
-0.080145
-1.404624
1.074131
0.044768
-0.250572
0.167236
-1.229463
0.050878
0.698016
-0.663451
0.729364
0.180596
0.376518
0.227106
0.384793
1.098346
-0.241493
0.455756
0.653422
0.427809
-0.200300
